0.000106
0.000294
0.000496
0.000687
0.000917
0.001133
0.001368
0.001489
0.001641
0.001955
0.00216
0.002214
0.00249
0.002641
0.002939
0.003141
0.003289
0.00362
0.003592
0.003894
0.004137
0.004352
0.004517
0.004659
0.004913
0.005138
0.005287
0.00566
0.005643
0.005921
0.00593
0.006239
0.006542
0.006737
0.006906
0.007068
0.007403
0.007412
0.007734
0.008144
0.008211
0.008243
0.008676
0.008571
0.008936
0.009201
0.009458
0.009678
0.009859
0.00999
0.010011
0.010296
0.010564
0.010727
0.010794
0.01118
0.011326
0.011314
0.011672
0.011805
0.012216
0.012204
0.012458
0.012483
0.013009
0.013136
0.01309
0.013345
0.013557
0.01395
0.014166
0.014362
0.014566
0.014587
0.014848
0.015155
0.015151
0.015554
0.015741
0.015964
0.016064
0.016401
0.016415
0.016467
0.016884
0.017126
0.017232
0.017621
0.017787
0.017666
0.017986
0.01817
0.018494
0.019031
0.018991
0.019123
0.019109
0.019545
0.019637
0.019948
