0.019876
0.019877
0.019667
0.019291
0.019039
0.01891
0.018632
0.018513
0.018391
0.018203
0.017866
0.017723
0.017613
0.017246
0.017029
0.016701
0.016512
0.016611
0.016188
0.016117
0.015951
0.015764
0.015515
0.015333
0.014713
0.015001
0.014845
0.014422
0.014419
0.014214
0.014046
0.013724
0.013492
0.013353
0.013072
0.012982
0.012698
0.012341
0.012311
0.012144
0.01166
0.011668
0.01137
0.011449
0.011031
0.010788
0.01044
0.010324
0.010291
0.010148
0.010009
0.009731
0.009481
0.009525
0.00902
0.008884
0.008667
0.008463
0.008404
0.008141
0.007729
0.007653
0.007565
0.007186
0.007142
0.006784
0.006653
0.006412
0.006276
0.006125
0.005876
0.005713
0.005552
0.00526
0.005138
0.004921
0.004634
0.004436
0.004315
0.004065
0.003853
0.00372
0.003554
0.003313
0.003027
0.002909
0.002623
0.002475
0.002329
0.002047
0.001906
0.001688
0.001465
0.001297
0.001122
0.000927
0.000718
0.000478
0.000282
0.000116
