0.009913
0.010105
0.010027
0.009999
0.010008
0.009915
0.009973
0.009771
0.009972
0.009931
0.009958
0.01001
0.009922
0.010049
0.010166
0.010049
0.009993
0.010078
0.00985
0.009879
0.009992
0.009952
0.010089
0.009978
0.009924
0.010006
0.010041
0.009969
0.010112
0.009927
0.010099
0.010005
0.010117
0.009885
0.010148
0.00996
0.009945
0.009821
0.009971
0.010011
0.010015
0.010136
0.010095
0.010026
0.009921
0.010074
0.010108
0.010129
0.009907
0.010004
0.010094
0.010043
0.009948
0.010137
0.009704
0.009947
0.01002
0.009834
0.009886
0.009975
0.00985
0.010096
0.009957
0.010092
0.010029
0.010049
0.010211
0.009933
0.010024
0.010023
0.010102
0.010019
0.010169
0.010214
0.00995
0.00989
0.009971
0.010026
0.010013
0.0101
0.010037
0.009968
0.010032
0.01
0.010114
0.010002
0.009893
0.010056
0.010041
0.010001
0.010119
0.010003
0.010062
0.009973
0.009931
0.010063
0.010004
0.009801
0.010023
0.009962
