0
0
1e-05
1.6e-05
1.8e-05
6.1e-05
6.1e-05
8.4e-05
0.000131
0.000154
0.000193
0.000229
0.000278
0.000313
0.000357
0.000405
0.000495
0.000548
0.000546
0.00067
0.000788
0.000824
0.000862
0.000957
0.001059
0.001144
0.001303
0.001288
0.001431
0.001593
0.001565
0.001757
0.001859
0.001945
0.002021
0.002149
0.002327
0.002477
0.00248
0.002646
0.002742
0.002888
0.003078
0.003261
0.003315
0.003396
0.00356
0.003832
0.00385
0.004078
0.004216
0.004163
0.00455
0.004468
0.004877
0.004921
0.005123
0.005242
0.005534
0.005743
0.005743
0.005922
0.005991
0.006425
0.006431
0.006618
0.006795
0.006977
0.007168
0.007256
0.007429
0.007756
0.007847
0.007891
0.008313
0.008581
0.008569
0.008844
0.009044
0.009258
0.009285
0.009692
0.009767
0.009994
0.01012
0.010408
0.010552
0.010865
0.010772
0.011174
0.011238
0.011601
0.011566
0.011864
0.012059
0.012292
0.012471
0.012761
0.012786
0.013063
0.013327
0.013031
0.012767
0.012621
0.012561
0.012468
0.012082
0.01186
0.011681
0.011545
0.011396
0.011105
0.010948
0.010771
0.010552
0.010448
0.010172
0.009965
0.009528
0.009546
0.009353
0.009115
0.008978
0.008806
0.008682
0.008432
0.008412
0.00802
0.00787
0.007667
0.007503
0.007239
0.007162
0.006949
0.006835
0.006466
0.006464
0.006368
0.006167
0.005826
0.005831
0.005591
0.005338
0.005237
0.005231
0.005142
0.004838
0.004684
0.004595
0.004372
0.004205
0.004047
0.003987
0.003603
0.00362
0.003468
0.003316
0.00317
0.003081
0.002887
0.002747
0.002697
0.002502
0.002438
0.00229
0.002237
0.001997
0.001944
0.001829
0.001698
0.00164
0.001569
0.001378
0.001288
0.00122
0.001113
0.001068
0.000964
0.00093
0.000863
0.000755
0.000647
0.000597
0.000574
0.000506
0.000429
0.000346
0.000306
0.000298
0.000247
0.000209
0.000139
0.00012
9.7e-05
6.9e-05
3.8e-05
1.9e-05
2.1e-05
8e-06
2e-06
