0
4e-06
1.1e-05
2.4e-05
2.7e-05
4.6e-05
6.4e-05
8.9e-05
0.000122
0.000175
0.000193
0.000243
0.000269
0.000335
0.000371
0.000416
0.000493
0.000518
0.000629
0.000699
0.000741
0.000838
0.000889
0.000978
0.001044
0.001189
0.001228
0.001321
0.001377
0.001482
0.001599
0.001688
0.001864
0.001916
0.00203
0.002201
0.002286
0.002381
0.002543
0.002582
0.00283
0.002859
0.003002
0.003186
0.003241
0.003503
0.003569
0.003705
0.003749
0.003945
0.004071
0.004226
0.004544
0.004578
0.004721
0.004886
0.005315
0.00526
0.005476
0.005597
0.005767
0.005956
0.006119
0.006248
0.006457
0.006688
0.006945
0.006892
0.007308
0.007323
0.007479
0.007814
0.007786
0.008167
0.008138
0.008236
0.008467
0.008702
0.009148
0.009162
0.009501
0.009605
0.009669
0.00991
0.010182
0.010393
0.010723
0.010918
0.010781
0.011195
0.011318
0.011493
0.011492
0.011846
0.012078
0.012435
0.012537
0.012776
0.012816
0.013083
0.013101
0.013232
0.012809
0.01278
0.012588
0.01254
0.012083
0.011639
0.011834
0.011285
0.011222
0.010971
0.010875
0.010771
0.010634
0.010281
0.01038
0.009852
0.009797
0.009658
0.009251
0.00923
0.008919
0.008723
0.008816
0.008524
0.008275
0.007951
0.007904
0.007751
0.007501
0.007283
0.00723
0.006905
0.006868
0.006625
0.006445
0.006336
0.006199
0.005832
0.005868
0.005545
0.005451
0.005244
0.005075
0.004886
0.004876
0.004679
0.004461
0.00435
0.004156
0.003989
0.003913
0.003724
0.003571
0.003426
0.003334
0.003252
0.003035
0.002966
0.002715
0.002646
0.00258
0.002359
0.002254
0.002109
0.00211
0.001969
0.001844
0.001655
0.001539
0.001521
0.001391
0.001271
0.001303
0.001144
0.001094
0.000974
0.000858
0.000848
0.000739
0.000687
0.000599
0.000545
0.000454
0.000436
0.000391
0.000311
0.000247
0.000219
0.000195
0.000166
0.000126
0.000104
8.3e-05
4.7e-05
3.1e-05
1.3e-05
9e-06
0
